	Loss: 13.088856407557614 
	Accuracy: 0.8708414872798435 
	Precision: [0.86900958 0.87373737] 
	Recall: [0.91582492 0.80841121] 
	Fscore: [0.89180328 0.83980583]