	Loss: 21.401656526002625 
	Accuracy: 0.8897485493230174 
	Precision: [0.85502959 0.95530726] 
	Recall: [0.97306397 0.77727273] 
	Fscore: [0.91023622 0.85714286]