	Loss: 22.709344116075954 
	Accuracy: 0.8781431334622823 
	Precision: [0.83815029 0.95906433] 
	Recall: [0.97643098 0.74545455] 
	Fscore: [0.90202177 0.83887468]