	Loss: 3.773988366127014 
	Accuracy: 0.8 
	Precision: [0.69444444 0.95833333] 
	Recall: [0.96153846 0.67647059] 
	Fscore: [0.80645161 0.79310345]