	Loss: 3.2822307348251343 
	Accuracy: 0.85 
	Precision: [0.75757576 0.96296296] 
	Recall: [0.96153846 0.76470588] 
	Fscore: [0.84745763 0.85245902]