	Loss: 83.82070886617866
	Accuracy: 0.8312401883830455
	Precision: [0.78309572 0.99315068]
	Recall: [0.99740597 0.57654076]
	Fscore: [0.87735311 0.72955975]