	Loss: 134.4862765726084 
	Accuracy: 0.8609929078014185 
	Precision: [0.86530015 0.72727273] 
	Recall: [0.98994975 0.14814815] 
	Fscore: [0.9234375  0.24615385]