	Loss: 27.991552002727985 
	Accuracy: 0.7873620862587764 
	Precision: [0.85063752 0.70982143] 
	Recall: [0.78224456 0.795     ] 
	Fscore: [0.81500873 0.75      ]