	Loss: 3.437668204307556 
	Accuracy: 0.7833333333333333 
	Precision: [0.68571429 0.92      ] 
	Recall: [0.92307692 0.67647059] 
	Fscore: [0.78688525 0.77966102]