	Loss: 68.66320024925517 
	Accuracy: 0.7131394182547643 
	Precision: [0.68757539 0.83928571] 
	Recall: [0.95477387 0.3525    ] 
	Fscore: [0.79943899 0.49647887]