	Loss: 31.823595448391643 
	Accuracy: 0.9013539651837524 
	Precision: [0.88679245 0.92462312] 
	Recall: [0.94949495 0.83636364] 
	Fscore: [0.91707317 0.87828162]