	Loss: 622.5144506637542
	Accuracy: 0.59184128399465
	Precision: [0.53980288 0.98109641]
	Recall: [0.99534017 0.22179487]
	Fscore: [0.69998361 0.36179854]