	Loss: 4.411172366933897
	Accuracy: 0.7272727272727273
	Precision: [0.69620253 0.85      ]
	Recall: [0.94827586 0.41463415]
	Fscore: [0.80291971 0.55737705]