	Loss: 37.75683254289203
	Accuracy: 0.956280967647916
	Precision: [0.96441281 0.9408284 ]
	Recall: [0.96872207 0.93294216]
	Fscore: [0.96656264 0.93686869]