	Loss: 152.8100501120265 
	Accuracy: 0.8204613841524574 
	Precision: [0.88847584 0.74074074] 
	Recall: [0.80067002 0.85      ] 
	Fscore: [0.84229075 0.79161816]