	Loss: 152.4669299417181 
	Accuracy: 0.8114343029087262 
	Precision: [0.8738574  0.73555556] 
	Recall: [0.80067002 0.8275    ] 
	Fscore: [0.83566434 0.77882353]