	Loss: 114.39072288226453
	Accuracy: 0.6208791208791209
	Precision: [0.61483254 1.        ]
	Recall: [1.         0.03976143]
	Fscore: [0.76148148 0.07648184]