	Loss: 55.91685949749079 
	Accuracy: 0.8439849624060151 
	Precision: [0.84960938 0.7       ] 
	Recall: [0.98639456 0.15384615] 
	Fscore: [0.91290661 0.25225225]