	Loss: 16.61370632814942 
	Accuracy: 0.8747553816046967 
	Precision: [0.86068111 0.89893617] 
	Recall: [0.93602694 0.78971963] 
	Fscore: [0.89677419 0.84079602]