	Loss: 15.969101748341927 
	Accuracy: 0.8806262230919765 
	Precision: [0.87341772 0.89230769] 
	Recall: [0.92929293 0.81308411] 
	Fscore: [0.9004894  0.85085575]