	Loss: 5.878162615001202 
	Accuracy: 0.8924731182795699 
	Precision: [0.91304348 0.83333333] 
	Recall: [0.94029851 0.76923077] 
	Fscore: [0.92647059 0.8       ]