	Loss: 30.48084693106648
	Accuracy: 0.9487030020402215
	Precision: [0.96438233 0.92003298]
	Recall: [0.95661896 0.93389121]
	Fscore: [0.96048496 0.9269103 ]