	Loss: 47.36564689897932
	Accuracy: 0.9270015698587127
	Precision: [0.96263458 0.86893705]
	Recall: [0.9228901 0.9345172]
	Fscore: [0.94234346 0.90053476]