	Loss: 65.55117116206645 
	Accuracy: 0.8595744680851064 
	Precision: [0.86725664 0.66666667] 
	Recall: [0.98492462 0.16666667] 
	Fscore: [0.92235294 0.26666667]