	Loss: 15.461336786975153 
	Accuracy: 0.8786692759295499 
	Precision: [0.87539936 0.88383838] 
	Recall: [0.92255892 0.81775701] 
	Fscore: [0.89836066 0.84951456]