	Loss: 17.913579136133194 
	Accuracy: 0.8825831702544031 
	Precision: [0.87381703 0.89690722] 
	Recall: [0.93265993 0.81308411] 
	Fscore: [0.90228013 0.85294118]