	Loss: 177.0967317532406 
	Accuracy: 0.7151454363089268 
	Precision: [0.6856465  0.87662338] 
	Recall: [0.9681742 0.3375   ] 
	Fscore: [0.80277778 0.48736462]