	Loss: 16.28847074508667 
	Accuracy: 0.8864970645792564 
	Precision: [0.87936508 0.89795918] 
	Recall: [0.93265993 0.82242991] 
	Fscore: [0.90522876 0.85853659]