	Loss: 83.01936666521514
	Accuracy: 0.9258241758241759
	Precision: [0.96433121 0.86400818]
	Recall: [0.91924712 0.93784684]
	Fscore: [0.94124961 0.89941458]