	Loss: 79.64111707583834
	Accuracy: 0.8122575640031032
	Precision: [0.76574803 0.98534799]
	Recall: [0.99488491 0.53057199]
	Fscore: [0.86540601 0.68974359]