	Loss: 42.86279191374706 
	Accuracy: 0.834685598377282 
	Precision: [0.84444444 0.81741573] 
	Recall: [0.89112228 0.74807198] 
	Fscore: [0.86715566 0.78120805]