	Loss: 7.579657928647066 
	Accuracy: 0.9032258064516129 
	Precision: [0.92028986 0.85416667] 
	Recall: [0.94776119 0.78846154] 
	Fscore: [0.93382353 0.82      ]