	Loss: 14.093015637248755 
	Accuracy: 0.8666666666666667 
	Precision: [0.86930984 0.79166667] 
	Recall: [0.99162479 0.17592593] 
	Fscore: [0.92644757 0.28787879]