	Loss: 110.9704466123112 
	Accuracy: 0.8044132397191575 
	Precision: [0.82524272 0.77044855] 
	Recall: [0.85427136 0.73      ] 
	Fscore: [0.83950617 0.74967908]