	Loss: 25.579086296260357 
	Accuracy: 0.7913741223671013 
	Precision: [0.87047619 0.70338983] 
	Recall: [0.76549414 0.83      ] 
	Fscore: [0.81461676 0.76146789]