	Loss: 22.28164399290108 
	Accuracy: 0.8839458413926499 
	Precision: [0.85373134 0.93956044] 
	Recall: [0.96296296 0.77727273] 
	Fscore: [0.90506329 0.85074627]