	Loss: 16.849769290536642 
	Accuracy: 0.8571428571428571 
	Precision: [0.82369942 0.92727273] 
	Recall: [0.95959596 0.71495327] 
	Fscore: [0.88646967 0.80738786]