	Loss: 16.668719454071834 
	Accuracy: 0.9032882011605415 
	Precision: [0.88       0.94270833] 
	Recall: [0.96296296 0.82272727] 
	Fscore: [0.91961415 0.87864078]