	Loss: 14.348320107907057 
	Accuracy: 0.8786692759295499 
	Precision: [0.8802589  0.87623762] 
	Recall: [0.91582492 0.8271028 ] 
	Fscore: [0.89768977 0.85096154]