	Loss: 22.43781236372888 
	Accuracy: 0.8034102306920762 
	Precision: [0.79880775 0.81288344] 
	Recall: [0.89782245 0.6625    ] 
	Fscore: [0.84542587 0.73002755]