	Loss: 46.89582669716765
	Accuracy: 0.9347392419492733
	Precision: [0.96971047 0.87262658]
	Recall: [0.93113772 0.94192997]
	Fscore: [0.95003273 0.90595483]