	Loss: 7.682410222478211 
	Accuracy: 0.9032258064516129 
	Precision: [0.89726027 0.925     ] 
	Recall: [0.97761194 0.71153846] 
	Fscore: [0.93571429 0.80434783]