	Loss: 17.24081310514048
	Accuracy: 0.9442379182156134
	Precision: [0.94436718 0.94397759]
	Recall: [0.9713877 0.8938992]
	Fscore: [0.95768688 0.91825613]