	Loss: 4.087666988372803 
	Accuracy: 0.8333333333333334 
	Precision: [0.73529412 0.96153846] 
	Recall: [0.96153846 0.73529412] 
	Fscore: [0.83333333 0.83333333]