	Loss: 7.2127275556267705 
	Accuracy: 0.8924731182795699 
	Precision: [0.90140845 0.86363636] 
	Recall: [0.95522388 0.73076923] 
	Fscore: [0.92753623 0.79166667]