	Loss: 10.990806962829083 
	Accuracy: 0.9052224371373307 
	Precision: [0.87349398 0.96216216] 
	Recall: [0.97643098 0.80909091] 
	Fscore: [0.92209857 0.87901235]