	Loss: 3.1964585185050964 
	Accuracy: 0.7833333333333333 
	Precision: [0.70967742 0.86206897] 
	Recall: [0.84615385 0.73529412] 
	Fscore: [0.77192982 0.79365079]