	Loss: 1.5207736790180206
	Accuracy: 0.8311688311688312
	Precision: [0.90909091 0.72727273]
	Recall: [0.81632653 0.85714286]
	Fscore: [0.86021505 0.78688525]