	Loss: 11.471497049555182 
	Accuracy: 0.8512720156555773 
	Precision: [0.81303116 0.93670886] 
	Recall: [0.96632997 0.69158879] 
	Fscore: [0.88307692 0.79569892]