	Loss: 17.191305557265878 
	Accuracy: 0.8806262230919765 
	Precision: [0.85329341 0.93220339] 
	Recall: [0.95959596 0.77102804] 
	Fscore: [0.90332805 0.84398977]