	Loss: 56.16256828691439 
	Accuracy: 0.7545638945233266 
	Precision: [0.74215553 0.79051383] 
	Recall: [0.91122278 0.51413882] 
	Fscore: [0.81804511 0.62305296]