	Loss: 3533.734824113593
	Accuracy: 0.9442637462173457
	Precision: [0.99612833 0.10524222]
	Recall: [0.94739591 0.6269089 ]
	Fscore: [0.97115116 0.1802286 ]