	Loss: 11.590715620666742 
	Accuracy: 0.8610567514677103 
	Precision: [0.84036145 0.89944134] 
	Recall: [0.93939394 0.75233645] 
	Fscore: [0.88712242 0.81933842]