	Loss: 25.375100988486885 
	Accuracy: 0.9206963249516441 
	Precision: [0.89751553 0.95897436] 
	Recall: [0.97306397 0.85      ] 
	Fscore: [0.93376414 0.90120482]