	Loss: 32.677608483762015 
	Accuracy: 0.8336713995943205 
	Precision: [0.84751204 0.80991736] 
	Recall: [0.88442211 0.75578406] 
	Fscore: [0.86557377 0.78191489]