	Loss: 2.2042327523231506 
	Accuracy: 0.7 
	Precision: [0.60526316 0.86363636] 
	Recall: [0.88461538 0.55882353] 
	Fscore: [0.71875    0.67857143]