	Loss: 9.24263059021905 
	Accuracy: 0.8767123287671232 
	Precision: [0.85670732 0.91256831] 
	Recall: [0.94612795 0.78037383] 
	Fscore: [0.8992     0.84130982]