	Loss: 26.035187941966342 
	Accuracy: 0.9226305609284333 
	Precision: [0.91585761 0.93269231] 
	Recall: [0.95286195 0.88181818] 
	Fscore: [0.9339934  0.90654206]