	Loss: 27.269051558699005 
	Accuracy: 0.9129593810444874 
	Precision: [0.90645161 0.92270531] 
	Recall: [0.94612795 0.86818182] 
	Fscore: [0.92586491 0.89461358]