	Loss: 2.958894670009613 
	Accuracy: 0.75 
	Precision: [0.64102564 0.95238095] 
	Recall: [0.96153846 0.58823529] 
	Fscore: [0.76923077 0.72727273]