	Loss: 10.778360344469547 
	Accuracy: 0.8669275929549902 
	Precision: [0.85230769 0.89247312] 
	Recall: [0.93265993 0.77570093] 
	Fscore: [0.89067524 0.83      ]