Runing on: cuda:0.


Test: 	Loss: 12.229363922029734 
	Accuracy: 0.8968957871396895 
	Precision: [0.9528416 0.28     ] 
	Recall: [0.93586698 0.35      ] 
	Fscore: [0.94427801 0.31111111]
