	Loss: 12.928653135895729 
	Accuracy: 0.8758314855875832 
	Precision: [0.95061728 0.2173913 ] 
	Recall: [0.91448931 0.33333333] 
	Fscore: [0.93220339 0.26315789]