	Loss: 43.512748993583955 
	Accuracy: 0.9348441926345609 
	Precision: [0.94166236 0.91011236] 
	Recall: [0.97435897 0.81135225] 
	Fscore: [0.95773169 0.85789938]