	Loss: 6.5021925054024905 
	Accuracy: 0.9264 
	Precision: [0.94057725 0.69444444] 
	Recall: [0.98053097 0.41666667] 
	Fscore: [0.96013865 0.52083333]