	Loss: 89.51170005346648 
	Accuracy: 0.878968253968254 
	Precision: [0.95015304 0.65807327] 
	Recall: [0.89608247 0.8096828 ] 
	Fscore: [0.92232598 0.7260479 ]