	Loss: 181.68987370255036 
	Accuracy: 0.8723348525328747 
	Precision: [0.9398527948032901, 0.5934543454345433] 
	Recall: [0.9003876578134006, 0.6627612761276127] 
	Fscore: [0.9141865265298127, 0.5915003405102419]