	Loss: 45.45020614731766 
	Accuracy: 0.9295831647106435 
	Precision: [0.94126819 0.88848263] 
	Recall: [0.96741453 0.81135225] 
	Fscore: [0.95416228 0.84816754]