	Loss: 88.0158392097801 
	Accuracy: 0.8839285714285714 
	Precision: [0.95165505 0.67032967] 
	Recall: [0.90103093 0.81469115] 
	Fscore: [0.92565135 0.73549359]