	Loss: 76.56391648761928 
	Accuracy: 0.9001652892561983 
	Precision: [0.92684887 0.77653631] 
	Recall: [0.95053586 0.69616027] 
	Fscore: [0.93854294 0.73415493]