	Loss: 46.20606859982945 
	Accuracy: 0.9328207203561312 
	Precision: [0.93609407 0.92038835] 
	Recall: [0.97809829 0.79131886] 
	Fscore: [0.95663532 0.85098743]