	Loss: 209.95529462682254 
	Accuracy: 0.8729949185394753 
	Precision: [0.9449931897951701, 0.5792629262926292] 
	Recall: [0.8950298601288701, 0.6801980198019801] 
	Fscore: [0.9139890568798094, 0.5950175969977958]