	Loss: 191.35016771091614 
	Accuracy: 0.8592959295929612 
	Precision: [0.9476124993451731, 0.5910655351249412] 
	Recall: [0.8755631515532505, 0.7223322332233222] 
	Fscore: [0.9043985042988821, 0.6172724415298672]