	Loss: 25.04905278934166 
	Accuracy: 0.88470066518847 
	Precision: [0.95110024 0.23809524] 
	Recall: [0.9239905  0.33333333] 
	Fscore: [0.9373494  0.27777778]