	Loss: 93.38722767820582 
	Accuracy: 0.8742364712661763 
	Precision: [0.94907814 0.64745308] 
	Recall: [0.89154639 0.80634391] 
	Fscore: [0.91941314 0.71821561]