	Loss: 215.5419295442295 
	Accuracy: 0.8720048195295741 
	Precision: [0.94232437 0.64902507] 
	Recall: [0.89608247 0.77796327] 
	Fscore: [0.91862186 0.70766894]