	Loss: 191.7700411012629 
	Accuracy: 0.8616061606160637 
	Precision: [0.944504688564095, 0.5873801665880873] 
	Recall: [0.8806197286395304, 0.708195819581958] 
	Fscore: [0.9061453422188187, 0.6104898585096605]