	Loss: 79.89077579509467 
	Accuracy: 0.8922314049586777 
	Precision: [0.91699762 0.76923077] 
	Recall: [0.95177246 0.65108514] 
	Fscore: [0.93406149 0.70524412]